Date,Open,High,Low,Close,Volume,Adj Close
2016-11-18,16.494,16.494,16.494,16.494,000,16.494
2016-11-17,16.582,16.582,16.582,16.582,000,16.582
2016-11-16,16.426,16.426,16.426,16.426,000,16.426
2016-11-15,16.456,16.456,16.456,16.456,000,16.456
2016-11-14,16.405,16.405,16.405,16.405,000,16.405
2016-11-11,16.192,16.192,16.192,16.192,000,16.192
2016-11-10,15.152,15.152,15.152,15.152,000,15.152
2016-11-09,14.476,14.476,14.476,14.476,000,14.476
2016-11-08,15.129,15.35,15.129,15.35,500,15.35
2016-11-07,14.719,14.719,14.719,14.719,000,14.719
2016-11-04,14.877,14.877,14.877,14.877,000,14.877
2016-11-03,15.247,15.247,15.247,15.247,000,15.247
2016-11-02,15.556,15.556,15.556,15.556,000,15.556
2016-11-01,15.26,15.26,15.26,15.26,000,15.26
2016-10-31,14.565,14.565,14.565,14.565,000,14.565
2016-10-28,14.597,15.045,14.597,15.045,100,15.045
2016-10-27,14.594,14.594,14.594,14.594,000,14.594
2016-10-26,14.839,14.839,14.839,14.839,000,14.839
2016-10-25,15.707,15.707,14.91,14.91,000,14.91
2016-10-24,15.798,15.798,15.798,15.798,000,15.798
2016-10-21,16.311,16.311,16.311,16.311,000,16.311
2016-10-20,17.214,17.214,16.17,16.17,1000,16.17
2016-10-19,17.193,17.193,17.193,17.193,000,17.193
2016-10-18,17.425,17.425,17.425,17.425,000,17.425
2016-10-17,17.33,17.60,17.33,17.60,100,17.60
2016-10-14,17.536,17.536,17.536,17.536,000,17.536
2016-10-13,17.83,17.83,17.83,17.83,000,17.83
2016-10-12,18.191,18.191,18.191,18.191,000,18.191
2016-10-11,18.751,18.751,18.751,18.751,000,18.751
2016-10-10,18.918,18.918,18.918,18.918,000,18.918
2016-10-07,18.962,18.962,18.962,18.962,000,18.962
2016-10-06,19.187,19.187,19.187,19.187,000,19.187
2016-10-05,19.529,19.529,19.529,19.529,000,19.529
2016-10-04,19.097,20.40,19.097,19.90,600,19.90
2016-10-03,18.239,18.239,18.239,18.239,000,18.239
2016-09-30,18.239,18.239,18.239,18.239,000,18.239
2016-09-29,18.716,18.716,18.716,18.716,000,18.716
2016-09-28,18.413,18.413,18.413,18.413,000,18.413
2016-09-27,18.505,18.505,18.505,18.505,000,18.505
2016-09-26,18.763,18.763,18.763,18.763,000,18.763
2016-09-23,18.773,18.773,18.773,18.773,000,18.773
2016-09-22,18.508,18.508,18.508,18.508,000,18.508
2016-09-21,17.776,17.776,17.776,17.776,000,17.776
2016-09-20,18.50,18.50,17.90,17.90,000,17.90
2016-09-19,18.913,19.35,18.913,19.35,000,19.35
2016-09-16,18.911,18.911,18.911,18.911,000,18.911
2016-09-15,19.283,19.283,18.902,18.902,000,18.902
2016-09-14,19.495,19.495,19.495,19.495,000,19.495
2016-09-13,19.713,19.713,19.713,19.713,000,19.713
2016-09-12,20.039,20.039,20.039,20.039,000,20.039
2016-09-09,20.112,20.112,20.112,20.112,000,20.112
2016-09-08,19.563,19.563,19.563,19.563,000,19.563
2016-09-07,19.097,19.225,19.097,19.225,200,19.225
2016-09-06,19.045,19.045,19.045,19.045,000,19.045
2016-09-05,19.464,19.464,19.464,19.464,000,19.464
2016-09-02,19.537,19.537,19.537,19.537,000,19.537
2016-09-01,19.367,19.367,19.367,19.367,000,19.367
2016-08-31,20.817,20.817,19.331,19.331,100,19.331
2016-08-30,21.128,21.845,21.128,21.845,000,21.845
2016-08-29,21.879,21.879,21.879,21.879,000,21.879
2016-08-26,21.631,21.631,21.631,21.631,000,21.631
2016-08-25,21.995,21.995,21.995,21.995,000,21.995
2016-08-24,22.241,22.241,22.241,22.241,000,22.241
2016-08-23,22.185,22.185,22.185,22.185,000,22.185
2016-08-22,22.026,22.026,22.026,22.026,000,22.026
2016-08-19,22.134,22.134,22.134,22.134,000,22.134
2016-08-18,21.928,21.928,21.928,21.928,000,21.928
2016-08-17,22.42,22.42,22.42,22.42,000,22.42
2016-08-16,22.159,22.159,22.159,22.159,000,22.159
2016-08-15,21.988,21.988,21.988,21.988,000,21.988
2016-08-12,22.058,22.058,22.058,22.058,000,22.058
2016-08-11,22.198,22.198,22.198,22.198,000,22.198
2016-08-10,22.459,22.459,22.459,22.459,000,22.459
2016-08-09,22.311,22.311,22.311,22.311,000,22.311
2016-08-08,22.632,22.632,22.632,22.632,000,22.632
2016-08-05,21.713,21.713,21.713,21.713,000,21.713
2016-08-04,21.185,21.185,21.185,21.185,000,21.185
2016-08-02,21.822,21.822,21.822,21.822,000,21.822
2016-08-01,21.596,21.596,21.596,21.596,000,21.596
2016-07-29,21.585,21.585,21.585,21.585,000,21.585
2016-07-28,21.743,21.743,21.743,21.743,000,21.743
2016-07-27,21.963,21.963,21.963,21.963,000,21.963
2016-07-26,21.659,21.659,21.659,21.659,000,21.659
2016-07-25,21.725,21.725,21.725,21.725,000,21.725
2016-07-22,22.023,22.023,22.023,22.023,000,22.023
2016-07-21,22.28,22.28,22.28,22.28,000,22.28
2016-07-20,22.199,22.199,22.199,22.199,000,22.199
2016-07-19,23.00,23.00,23.00,23.00,600,23.00
2016-07-18,22.546,22.546,22.546,22.546,000,22.546
2016-07-15,22.543,22.543,22.543,22.543,000,22.543
2016-07-14,23.177,23.177,23.177,23.177,000,23.177
2016-07-13,23.112,23.112,23.112,23.112,000,23.112
2016-07-12,23.193,23.193,23.193,23.193,000,23.193
2016-07-11,22.344,22.344,22.344,22.344,000,22.344
2016-07-08,22.181,22.181,22.181,22.181,000,22.181
2016-07-07,22.168,22.168,22.168,22.168,000,22.168
2016-07-06,22.22,22.22,22.22,22.22,000,22.22
2016-07-05,22.962,22.962,22.962,22.962,000,22.962
2016-07-04,21.504,21.504,21.504,21.504,000,21.504
2016-07-01,21.394,21.394,21.394,21.394,000,21.394
2016-06-30,21.163,22.40,21.00,22.397,300,22.397
2016-06-29,23.498,24.51,21.75,21.75,100,21.75
2016-06-28,39.228,39.228,25.10,25.10,400,25.10
2016-06-27,38.702,38.702,38.702,38.702,000,38.702
2016-06-24,34.51,34.51,34.51,34.51,000,34.51
2016-06-23,40.869,40.869,40.869,40.869,000,40.869
2016-06-22,39.154,39.154,39.154,39.154,000,39.154
2016-06-21,40.30,40.30,40.30,40.30,000,40.30
2016-06-20,40.255,41.89,40.255,41.89,100,41.89
2016-06-17,37.81,37.81,37.81,37.81,000,37.81
2016-06-16,39.334,39.334,39.334,39.334,000,39.334
2016-06-15,39.054,39.054,39.054,39.054,000,39.054
2016-06-14,42.272,42.272,40.65,40.65,100,40.65
2016-06-13,43.278,43.278,43.278,43.278,000,43.278
2016-06-10,46.678,46.678,46.678,46.678,000,46.678
2016-06-09,50.243,50.243,50.243,50.243,000,50.243
2016-06-08,49.917,49.917,49.917,49.917,000,49.917
2016-06-07,49.488,49.488,49.488,49.488,000,49.488
2016-06-06,51.017,51.017,51.017,51.017,000,51.017
2016-06-03,52.152,52.152,52.09,52.09,100,52.09
2016-06-02,47.771,51.907,47.771,51.907,000,51.907
2016-06-01,48.175,48.175,48.175,48.175,000,48.175
2016-05-31,45.625,45.625,45.625,45.625,000,45.625
2016-05-30,45.344,45.344,45.344,45.344,000,45.344
2016-05-27,45.134,45.655,45.134,45.655,000,45.655
2016-05-26,45.15,45.15,45.15,45.15,000,45.15
2016-05-25,45.381,45.381,45.381,45.381,000,45.381
2016-05-24,44.92,44.92,44.92,44.92,000,44.92
2016-05-23,43.85,45.105,43.85,45.105,000,45.105
2016-05-20,43.706,43.706,43.706,43.706,000,43.706
2016-05-19,44.04,44.04,44.04,44.04,000,44.04
2016-05-18,45.781,45.781,45.781,45.781,000,45.781
2016-05-17,45.949,45.949,45.949,45.949,000,45.949
2016-05-16,42.328,42.328,42.328,42.328,000,42.328
2016-05-13,42.328,42.328,42.328,42.328,000,42.328
2016-05-12,42.173,42.173,42.173,42.173,000,42.173
2016-05-11,43.183,43.183,43.183,43.183,000,43.183
2016-05-10,41.631,41.631,41.631,41.631,000,41.631
2016-05-09,41.642,41.642,41.642,41.642,000,41.642
2016-05-06,41.528,42.055,41.528,42.055,100,42.055
2016-05-05,41.208,41.208,41.208,41.208,000,41.208
2016-05-04,41.405,41.405,41.405,41.405,000,41.405
2016-05-03,40.951,40.951,40.951,40.951,000,40.951
2016-05-02,39.901,39.901,39.901,39.901,000,39.901
2016-04-29,40.508,40.508,40.508,40.508,000,40.508
2016-04-28,40.801,40.801,40.801,40.801,000,40.801
2016-04-27,42.002,42.002,42.002,42.002,000,42.002
2016-04-26,42.561,42.561,42.561,42.561,000,42.561
2016-04-25,41.572,41.572,41.572,41.572,000,41.572
2016-04-22,41.472,41.472,41.472,41.472,000,41.472
2016-04-21,42.382,42.382,42.382,42.382,000,42.382
2016-04-20,41.98,41.98,41.98,41.98,000,41.98
2016-04-19,41.575,41.575,41.575,41.575,000,41.575
2016-04-18,39.97,39.97,39.97,39.97,000,39.97
2016-04-15,40.65,40.65,40.65,40.65,000,40.65
2016-04-14,40.597,40.597,40.597,40.597,000,40.597
2016-04-13,41.093,41.093,41.093,41.093,000,41.093
2016-04-12,40.733,40.733,40.733,40.733,000,40.733
2016-04-11,39.722,39.722,39.722,39.722,000,39.722
2016-04-08,39.20,40.79,39.20,40.79,100,40.79
2016-04-07,39.335,39.335,39.335,39.335,000,39.335
2016-04-06,38.25,38.25,38.25,38.25,000,38.25
2016-04-05,39.861,39.861,39.861,39.861,000,39.861
2016-04-04,38.153,38.153,38.153,38.153,000,38.153
2016-04-01,37.487,37.487,37.487,37.487,000,37.487
2016-03-31,37.783,37.783,37.783,37.783,000,37.783
2016-03-30,38.224,38.224,38.224,38.224,000,38.224
2016-03-29,38.995,38.995,38.93,38.93,200,38.93
2016-03-28,40.75,40.75,40.75,40.75,000,40.75
2016-03-25,40.75,40.75,40.75,40.75,000,40.75
2016-03-24,40.75,40.75,40.75,40.75,000,40.75
2016-03-23,41.255,41.255,41.255,41.255,000,41.255
2016-03-22,41.95,41.95,41.95,41.95,000,41.95
2016-03-21,41.288,41.288,41.288,41.288,000,41.288
2016-03-18,39.156,39.156,39.156,39.156,000,39.156
2016-03-17,40.085,40.085,40.085,40.085,000,40.085
2016-03-16,40.151,40.151,40.151,40.151,000,40.151
2016-03-15,41.397,41.397,41.397,41.397,000,41.397
2016-03-14,38.694,38.694,38.694,38.694,000,38.694
2016-03-11,38.543,38.543,38.543,38.543,000,38.543
2016-03-10,38.061,38.061,38.061,38.061,000,38.061
2016-03-09,38.809,38.809,38.809,38.809,000,38.809
2016-03-08,38.55,38.55,38.55,38.55,000,38.55
2016-03-07,39.115,39.115,39.115,39.115,000,39.115
2016-03-04,38.648,38.648,38.648,38.648,000,38.648
2016-03-03,37.673,37.673,37.673,37.673,000,37.673
2016-03-02,40.101,40.101,39.60,39.60,000,39.60
2016-03-01,36.386,36.386,36.386,36.386,000,36.386
2016-02-29,34.295,34.295,34.295,34.295,000,34.295
2016-02-26,33.534,35.82,33.534,35.82,000,35.82
2016-02-25,32.987,32.987,32.987,32.987,000,32.987
2016-02-24,33.581,33.581,33.581,33.581,000,33.581
2016-02-23,32.717,32.717,32.717,32.717,000,32.717
2016-02-22,32.771,32.771,32.771,32.771,000,32.771
2016-02-19,33.137,33.137,33.137,33.137,200,33.137
2016-02-18,32.336,32.336,32.336,32.336,000,32.336
2016-02-17,30.796,30.796,30.796,30.796,000,30.796
2016-02-16,32.171,32.171,32.171,32.171,000,32.171
2016-02-15,29.654,29.654,29.654,29.654,000,29.654
2016-02-12,29.629,29.629,29.629,29.629,000,29.629
2016-02-11,30.318,30.318,29.465,29.465,000,29.465
2016-02-10,31.583,31.595,31.47,31.595,300,31.595
2016-02-09,31.711,33.056,31.711,33.056,000,33.056
2016-02-08,34.107,35.401,34.107,35.401,000,35.401
2016-02-05,31.384,31.384,31.384,31.384,000,31.384
2016-02-04,31.166,31.166,31.166,31.166,000,31.166
2016-02-03,30.849,30.849,30.849,30.849,000,30.849
2016-02-02,31.513,31.513,31.513,31.513,000,31.513
2016-02-01,31.851,31.851,31.851,31.851,000,31.851
2016-01-29,32.666,32.666,32.666,32.666,000,32.666
2016-01-28,32.728,32.728,32.728,32.728,000,32.728
2016-01-27,33.783,33.783,33.783,33.783,000,33.783
2016-01-26,33.775,33.775,33.775,33.775,000,33.775
2016-01-25,34.142,35.38,34.142,35.00,200,35.00
2016-01-22,31.899,31.899,31.899,31.899,000,31.899
2016-01-21,29.675,31.481,29.675,31.481,000,31.481
2016-01-20,31.614,31.614,31.614,31.614,000,31.614
2016-01-19,31.762,31.762,31.762,31.762,000,31.762
2016-01-18,31.75,32.78,31.75,31.92,100,31.92
2016-01-15,33.80,33.80,33.80,33.80,000,33.80
2016-01-14,35.679,35.679,35.679,35.679,000,35.679
2016-01-13,39.667,39.667,38.00,39.667,000,39.667
2016-01-12,40.031,40.031,40.031,40.031,000,40.031
2016-01-11,42.312,42.312,40.01,40.01,100,40.01
2016-01-08,44.005,44.005,44.005,44.005,000,44.005
2016-01-07,44.123,44.123,44.123,44.123,000,44.123
2016-01-06,45.427,46.225,45.427,46.133,000,46.133
2016-01-05,47.087,47.087,44.20,44.20,000,44.20
2016-01-04,47.663,47.663,47.663,47.663,000,47.663
2016-01-01,47.053,47.053,47.053,47.053,000,47.053
2015-12-31,47.053,47.053,47.053,47.053,000,47.053
2015-12-30,47.053,47.053,47.053,47.053,000,47.053
2015-12-29,46.233,46.233,46.233,46.233,000,46.233
2015-12-28,45.071,45.071,45.071,45.071,000,45.071
2015-12-25,44.624,44.624,44.624,44.624,000,44.624
2015-12-24,44.624,44.624,44.624,44.624,000,44.624
2015-12-23,44.624,44.624,44.624,44.624,000,44.624
2015-12-22,46.454,46.454,45.33,45.33,100,45.33
2015-12-21,44.888,47.523,44.888,47.523,100,47.523
2015-12-18,44.045,45.90,44.045,45.90,100,45.90
2015-12-17,44.749,44.749,44.749,44.749,000,44.749
2015-12-16,43.739,43.739,43.739,43.739,000,43.739
2015-12-15,44.843,45.12,44.843,45.12,400,45.12
2015-12-14,43.573,43.573,43.573,43.573,000,43.573
2015-12-11,43.77,43.77,43.77,43.77,000,43.77
2015-12-10,42.373,42.373,42.373,42.373,000,42.373
2015-12-09,42.323,42.323,42.323,42.323,000,42.323
2015-12-08,42.052,42.63,42.052,42.63,000,42.63
2015-12-07,42.325,42.325,42.325,42.325,000,42.325
2015-12-04,42.66,43.31,42.66,43.31,000,43.31
2015-12-03,43.234,43.234,43.234,43.234,000,43.234
2015-12-02,43.071,43.071,43.071,43.071,000,43.071
2015-12-01,44.068,44.068,43.845,43.845,000,43.845
2015-11-30,43.229,43.229,43.229,43.229,000,43.229
2015-11-27,41.726,41.726,41.726,41.726,000,41.726
2015-11-26,39.441,39.441,39.441,39.441,000,39.441
2015-11-25,39.474,39.474,39.474,39.474,000,39.474
2015-11-24,39.618,39.618,39.618,39.618,000,39.618
2015-11-23,39.73,40.22,39.73,40.22,200,40.22
2015-11-20,39.236,39.236,39.236,39.236,000,39.236
2015-11-19,40.491,40.491,40.491,40.491,000,40.491
2015-11-18,40.57,40.57,40.57,40.57,000,40.57
2015-11-17,38.407,41.55,38.407,41.55,000,41.55
2015-11-16,39.585,40.135,38.974,38.974,500,38.974
2015-11-13,41.916,41.916,41.916,41.916,000,41.916
2015-11-12,45.414,45.414,45.414,45.414,000,45.414
2015-11-11,44.054,44.054,44.054,44.054,000,44.054
2015-11-10,42.174,42.174,42.174,42.174,000,42.174
2015-11-09,44.145,44.145,43.457,43.457,000,43.457
2015-11-06,40.655,40.655,40.589,40.589,000,40.589
2015-11-05,40.985,42.60,40.985,41.744,500,41.744
2015-11-04,38.25,38.25,38.25,38.25,000,38.25
2015-11-03,36.35,36.35,36.35,36.35,000,36.35
2015-11-02,35.49,35.49,35.49,35.49,000,35.49
2015-10-30,35.365,35.365,35.365,35.365,000,35.365
2015-10-29,35.46,35.46,35.46,35.46,000,35.46
2015-10-28,37.035,37.035,37.035,37.035,000,37.035
2015-10-27,37.21,37.21,37.21,37.21,000,37.21
2015-10-26,35.79,36.40,35.79,36.40,000,36.40
2015-10-23,30.605,30.605,30.605,30.605,000,30.605
2015-10-22,30.955,30.955,30.955,30.955,000,30.955
2015-10-21,32.05,32.05,32.05,32.05,000,32.05
2015-10-20,32.205,32.205,32.205,32.205,000,32.205
2015-10-19,32.50,32.50,32.50,32.50,000,32.50
2015-10-16,32.225,32.225,32.225,32.225,000,32.225
2015-10-15,31.16,31.16,31.16,31.16,000,31.16
2015-10-14,32.655,32.655,32.655,32.655,000,32.655
2015-10-13,33.31,33.31,33.31,33.31,000,33.31
2015-10-12,32.80,32.80,32.80,32.80,000,32.80
2015-10-09,33.22,33.22,33.22,33.22,000,33.22
2015-10-08,33.555,33.555,33.555,33.555,000,33.555
2015-10-07,34.96,34.96,33.926,33.926,000,33.926
2015-10-06,35.21,35.21,35.21,35.21,000,35.21
2015-10-05,35.87,35.87,35.87,35.87,000,35.87
2015-10-02,36.40,36.40,36.40,36.40,000,36.40
2015-10-01,35.66,35.66,35.66,35.66,000,35.66
2015-09-30,34.145,35.40,34.145,35.40,000,35.40
2015-09-29,35.60,35.60,34.26,34.26,1100,34.26
2015-09-28,37.20,37.20,37.20,37.20,000,37.20
2015-09-25,37.455,37.455,37.455,37.455,000,37.455
2015-09-24,38.275,38.275,38.275,38.275,000,38.275
2015-09-23,38.11,38.11,38.11,38.11,000,38.11
2015-09-22,40.055,40.055,40.055,40.055,000,40.055
2015-09-21,40.055,40.055,40.055,40.055,000,40.055
2015-09-18,40.21,40.21,40.21,40.21,000,40.21
2015-09-17,40.665,40.665,40.665,40.665,000,40.665
2015-09-16,39.53,40.701,39.53,40.701,200,40.701
2015-09-15,38.055,38.055,38.055,38.055,000,38.055
2015-09-14,37.605,37.605,37.605,37.605,000,37.605
2015-09-11,37.715,37.744,37.605,37.605,100,37.605
2015-09-10,38.35,38.35,38.35,38.35,000,38.35
2015-09-09,39.465,39.465,38.80,38.80,000,38.80
2015-09-08,39.925,39.925,39.925,39.925,000,39.925
2015-09-07,40.935,40.935,40.425,40.425,100,40.425
2015-09-04,42.325,42.325,42.325,42.325,000,42.325
2015-09-03,41.67,41.67,41.67,41.67,000,41.67
2015-09-02,41.24,41.24,41.24,41.24,000,41.24
2015-09-01,43.205,43.205,41.407,41.407,000,41.407
2015-08-31,43.05,45.10,43.05,45.10,000,45.10
2015-08-28,44.50,44.50,43.848,43.848,000,43.848
2015-08-27,44.83,46.65,44.83,46.65,000,46.65
2015-08-26,45.305,45.305,45.305,45.305,000,45.305
2015-08-25,41.10,41.10,41.10,41.10,000,41.10
2015-08-24,44.956,44.956,41.00,41.00,100,41.00
2015-08-21,46.888,46.888,46.888,46.888,000,46.888
2015-08-20,49.455,49.455,47.303,47.303,200,47.303
2015-08-19,49.235,49.55,49.235,49.55,200,49.55
2015-08-18,48.92,50.099,48.92,49.826,100,49.826
2015-08-17,49.475,49.475,49.105,49.105,000,49.105
2015-08-14,50.14,50.14,49.43,49.43,000,49.43
2015-08-13,50.04,50.04,50.04,50.04,000,50.04
2015-08-12,50.67,50.67,50.67,50.67,000,50.67
2015-08-11,50.14,50.21,50.14,50.21,200,50.21
2015-08-10,50.28,50.28,50.09,50.09,000,50.09
2015-08-07,51.61,51.61,51.61,51.61,000,51.61
2015-08-06,50.20,50.20,50.20,50.20,000,50.20
2015-08-05,50.35,50.81,50.35,50.61,100,50.61
2015-08-04,51.00,51.00,51.00,51.00,000,51.00
2015-08-03,50.00,50.00,50.00,50.00,000,50.00
2015-07-31,51.01,51.01,50.578,50.578,000,50.578
2015-07-30,51.83,52.058,51.799,51.799,000,51.799
2015-07-29,50.83,50.83,50.83,50.83,000,50.83
2015-07-28,51.36,51.36,51.00,51.00,100,51.00
2015-07-27,53.57,53.57,53.57,53.57,000,53.57
2015-07-24,53.26,53.26,53.22,53.22,000,53.22
2015-07-23,54.39,54.39,54.39,54.39,000,54.39
2015-07-22,55.15,55.15,52.96,52.96,100,52.96
2015-07-21,56.06,56.70,56.06,56.65,000,56.65
2015-07-20,55.90,56.85,55.90,56.85,000,56.85
2015-07-17,55.75,55.75,55.75,55.75,000,55.75
2015-07-16,56.12,56.12,56.082,56.082,000,56.082
2015-07-15,55.19,55.19,55.19,55.19,000,55.19
2015-07-14,49.60,55.09,49.60,55.06,900,55.06
2015-07-13,46.855,50.649,46.855,50.047,200,50.047
2015-07-10,44.165,46.185,44.165,46.185,000,46.185
2015-07-09,43.65,43.65,43.65,43.65,000,43.65
2015-07-08,44.40,45.445,44.40,45.445,000,45.445
2015-07-07,44.31,44.917,44.31,44.917,000,44.917
2015-07-06,44.91,44.91,43.127,43.127,100,43.127
2015-07-03,45.74,45.74,44.775,44.775,100,44.775
2015-07-02,47.21,47.21,47.21,47.21,000,47.21
2015-07-01,46.975,46.975,46.975,46.975,000,46.975
2015-06-30,45.83,48.857,45.83,48.857,200,48.857
2015-06-29,46.66,46.66,45.65,46.027,300,46.027
2015-06-26,48.125,48.125,47.00,47.005,300,47.005
2015-06-25,48.85,49.959,47.86,47.86,900,47.86
2015-06-24,50.81,51.15,48.50,49.50,600,49.50
2015-06-23,51.01,52.20,51.01,51.128,300,51.128
2015-06-22,52.51,57.008,50.76,50.932,1800,50.932
2015-06-19,62.13,62.13,52.254,53.213,900,53.213
2015-06-18,63.20,63.20,61.319,61.319,200,61.319
2015-06-17,64.44,67.45,63.87,64.601,400,64.601
2015-06-16,60.85,61.49,60.85,61.49,400,61.49
2015-06-15,63.401,63.401,61.14,61.39,400,61.39
2015-06-12,65.516,65.516,63.609,63.609,200,63.609
2015-06-11,65.063,66.25,65.063,66.25,100,66.25
2015-06-10,63.553,63.553,63.553,63.553,000,63.553
2015-06-09,60.539,63.848,60.539,63.848,000,63.848
2015-06-08,62.063,62.063,62.063,62.063,000,62.063
2015-06-05,64.089,64.15,61.56,63.198,300,63.198
2015-06-04,65.021,65.021,65.021,65.021,000,65.021
2015-06-03,65.183,65.754,62.86,64.68,700,64.68
2015-06-02,66.653,66.653,64.88,64.88,000,64.88
2015-06-01,66.821,67.098,66.38,66.608,000,66.608
2015-05-29,67.094,67.851,66.90,67.851,100,67.851
2015-05-28,68.087,68.087,68.087,68.087,000,68.087
2015-05-27,66.60,66.60,66.60,66.60,000,66.60
2015-05-26,67.411,67.411,67.175,67.175,000,67.175
2015-05-25,69.018,69.018,69.018,69.018,000,69.018
2015-05-22,63.818,69.018,63.818,69.018,100,69.018
2015-05-21,62.748,62.748,62.748,62.748,000,62.748
2015-05-20,65.43,65.43,61.00,62.704,3300,62.704
2015-05-19,58.00,64.59,57.611,64.101,900,64.101
2015-05-18,55.418,58.031,55.418,58.031,000,58.031
2015-05-15,52.603,53.772,52.603,53.772,000,53.772
2015-05-14,51.002,51.002,51.002,51.002,000,51.002
2015-05-13,51.435,51.65,51.30,51.30,100,51.30
2015-05-12,52.839,52.839,52.839,52.839,000,52.839
2015-05-11,53.129,53.269,52.755,53.00,300,53.00
2015-05-08,51.123,51.123,51.123,51.123,000,51.123
2015-05-07,52.035,52.035,51.55,51.55,100,51.55
2015-05-06,50.597,50.597,50.597,50.597,000,50.597
2015-05-05,52.264,52.264,51.00,51.00,000,51.00
2015-05-04,51.341,52.62,51.341,52.62,000,52.62
2015-05-01,51.17,51.17,51.17,51.17,000,51.17
2015-04-30,51.267,51.267,50.56,51.17,200,51.17
2015-04-29,52.753,52.753,51.50,51.50,400,51.50
2015-04-28,53.50,53.50,52.00,52.51,200,52.51
2015-04-27,53.699,54.72,53.00,53.41,1900,53.41
2015-04-24,52.002,52.002,52.002,52.002,000,52.002
2015-04-23,52.44,52.71,51.962,52.71,300,52.71
2015-04-22,52.728,52.728,52.728,52.728,000,52.728
2015-04-21,51.556,51.556,51.556,51.556,000,51.556
2015-04-20,52.251,52.251,51.82,51.82,000,51.82
2015-04-17,51.815,51.815,51.815,51.815,000,51.815
2015-04-16,53.025,53.025,53.025,53.025,000,53.025
2015-04-15,52.343,52.649,52.343,52.649,400,52.649
2015-04-14,55.198,55.198,52.86,52.86,000,52.86
2015-04-13,53.536,55.358,53.536,55.358,200,55.358
2015-04-10,51.46,51.46,51.46,51.46,000,51.46
2015-04-09,51.173,51.173,51.173,51.173,000,51.173
2015-04-08,45.143,51.728,45.143,51.159,000,51.159
2015-04-07,43.966,47.015,43.966,46.797,200,46.797
2015-04-06,44.83,44.83,44.83,44.83,000,44.83
2015-04-03,44.83,44.83,44.83,44.83,000,44.83
2015-04-02,45.735,45.735,44.83,44.83,100,44.83
2015-04-01,44.298,46.50,44.298,46.50,000,46.50
2015-03-31,44.032,44.032,44.032,44.032,000,44.032
2015-03-30,45.021,45.021,44.225,44.225,000,44.225
2015-03-27,44.854,44.899,43.755,43.755,400,43.755
2015-03-26,46.328,46.328,46.328,46.328,000,46.328
2015-03-25,44.572,45.81,44.572,45.81,100,45.81
2015-03-24,44.173,45.20,44.173,45.20,500,45.20
2015-03-23,44.75,45.192,44.75,45.192,000,45.192
2015-03-20,42.527,44.59,42.527,44.59,100,44.59
2015-03-19,41.34,42.823,41.34,42.823,400,42.823
2015-03-18,42.95,42.95,40.48,40.48,100,40.48
2015-03-17,44.278,44.278,44.278,44.278,000,44.278
2015-03-16,45.018,45.018,43.90,44.245,100,44.245
2015-03-13,45.678,45.678,45.678,45.678,000,45.678
2015-03-12,45.864,45.864,45.864,45.864,000,45.864
2015-03-11,45.101,45.385,45.101,45.385,000,45.385
2015-03-10,45.994,45.994,45.994,45.994,000,45.994
2015-03-09,46.158,46.955,46.158,46.955,200,46.955
2015-03-06,46.262,47.175,46.262,47.175,200,47.175
2015-03-05,45.532,46.10,45.532,46.10,000,46.10
2015-03-04,46.103,46.11,46.103,46.11,000,46.11
2015-03-03,45.117,46.518,45.117,46.518,200,46.518
2015-03-02,45.976,45.976,45.05,45.05,000,45.05
2015-02-27,44.80,47.698,44.80,46.875,500,46.875
2015-02-26,44.217,44.92,44.217,44.92,000,44.92
2015-02-25,44.853,44.853,44.853,44.853,000,44.853
2015-02-24,45.511,45.511,45.511,45.511,000,45.511
2015-02-23,42.896,46.00,42.896,46.00,000,46.00
2015-02-20,43.358,43.358,43.358,43.358,000,43.358
2015-02-19,43.402,43.402,43.402,43.402,000,43.402
2015-02-18,43.004,43.004,43.004,43.004,000,43.004
2015-02-17,41.886,41.886,41.886,41.886,000,41.886
2015-02-16,42.959,42.959,42.959,42.959,000,42.959
2015-02-13,42.577,42.577,42.577,42.577,000,42.577
2015-02-12,41.824,41.824,41.824,41.824,000,41.824
2015-02-11,42.371,42.371,42.371,42.371,000,42.371
2015-02-10,42.46,42.46,42.46,42.46,000,42.46
2015-02-09,42.135,42.135,42.135,42.135,000,42.135
2015-02-06,41.171,41.171,41.171,41.171,000,41.171
2015-02-05,39.341,40.00,39.341,40.00,100,40.00
2015-02-04,40.282,40.282,40.282,40.282,000,40.282
2015-02-03,41.771,41.771,40.185,40.185,300,40.185
2015-02-02,43.20,43.20,41.727,41.727,000,41.727
2015-01-30,42.307,43.00,42.307,43.00,000,43.00
2015-01-29,41.335,42.85,41.335,42.85,000,42.85
2015-01-28,40.219,41.722,40.219,41.722,100,41.722
2015-01-27,40.987,40.987,40.936,40.936,000,40.936
2015-01-26,38.888,39.25,38.888,39.25,000,39.25
2015-01-23,38.199,38.199,37.797,37.797,100,37.797
2015-01-22,38.605,38.605,38.605,38.605,000,38.605
2015-01-21,38.968,38.968,38.968,38.968,000,38.968
2015-01-20,39.40,39.55,39.334,39.55,500,39.55
2015-01-19,39.00,39.00,39.00,39.00,000,39.00
2015-01-16,39.883,39.883,38.85,38.85,000,38.85
2015-01-15,40.68,40.68,39.98,40.14,200,40.14
2015-01-14,41.123,41.123,41.123,41.123,000,41.123
2015-01-13,39.664,41.078,39.664,41.078,000,41.078
2015-01-12,39.237,39.237,39.237,39.237,000,39.237
2015-01-09,38.336,39.41,38.336,39.10,100,39.10
2015-01-08,38.005,38.005,37.998,37.998,100,37.998
2015-01-07,36.277,36.277,36.277,36.277,000,36.277
2015-01-06,35.012,35.012,35.012,35.012,000,35.012
2015-01-05,33.836,33.836,33.836,33.836,000,33.836
2015-01-02,33.45,33.45,33.45,33.45,000,33.45
2015-01-01,32.592,32.592,32.592,32.592,000,32.592
2014-12-31,32.592,32.592,32.592,32.592,000,32.592
2014-12-30,32.592,32.592,32.592,32.592,000,32.592
2014-12-29,32.903,32.97,32.903,32.97,200,32.97
2014-12-26,34.397,34.397,34.397,34.397,000,34.397
2014-12-25,34.397,34.397,34.397,34.397,000,34.397
2014-12-24,34.397,34.397,34.397,34.397,000,34.397
2014-12-23,34.397,34.397,34.397,34.397,000,34.397
2014-12-22,34.028,34.50,34.028,34.50,000,34.50
2014-12-19,31.416,32.75,31.416,32.75,000,32.75
2014-12-18,29.933,31.365,29.933,31.365,100,31.365
2014-12-17,29.796,29.796,29.796,29.796,000,29.796
2014-12-16,30.963,30.963,28.88,28.88,200,28.88
2014-12-15,32.55,32.55,32.50,32.50,100,32.50
2014-12-12,32.668,32.668,32.65,32.65,000,32.65
2014-12-11,32.841,32.841,32.841,32.841,000,32.841
2014-12-10,33.166,33.166,33.111,33.111,000,33.111
2014-12-09,33.59,33.59,33.59,33.59,000,33.59
2014-12-08,33.557,33.855,33.557,33.855,000,33.855
2014-12-05,34.119,34.119,34.119,34.119,000,34.119
2014-12-04,33.612,33.612,33.612,33.612,000,33.612
2014-12-03,33.775,33.775,33.565,33.565,000,33.565
2014-12-02,35.212,35.212,35.212,35.212,000,35.212
2014-12-01,35.682,35.682,35.682,35.682,100,35.682
2014-11-28,34.313,34.958,34.313,34.958,000,34.958
2014-11-27,34.299,34.299,34.299,34.299,000,34.299
2014-11-26,32.927,33.791,32.927,33.791,000,33.791
2014-11-25,33.625,33.625,33.55,33.55,000,33.55
2014-11-24,33.701,33.701,33.701,33.701,000,33.701
2014-11-21,33.698,33.698,33.698,33.698,000,33.698
2014-11-20,33.558,33.66,33.558,33.66,000,33.66
2014-11-19,33.353,33.353,33.353,33.353,000,33.353
2014-11-18,33.304,33.304,33.304,33.304,000,33.304
2014-11-17,33.267,33.267,33.267,33.267,000,33.267
2014-11-14,33.32,33.32,33.32,33.32,000,33.32
2014-11-13,33.707,33.707,33.707,33.707,000,33.707
2014-11-12,33.747,34.10,33.747,34.10,000,34.10
2014-11-11,34.114,34.114,34.114,34.114,000,34.114
2014-11-10,34.041,34.041,34.041,34.041,000,34.041
2014-11-07,34.499,34.50,34.499,34.50,000,34.50
2014-11-06,33.288,33.288,33.288,33.288,000,33.288
2014-11-05,33.874,33.874,33.874,33.874,000,33.874
2014-11-04,33.931,34.00,33.931,34.00,000,34.00
2014-11-03,33.956,33.956,33.956,33.956,000,33.956
2014-10-31,34.163,34.163,33.70,33.70,000,33.70
2014-10-30,34.412,34.412,34.412,34.412,000,34.412
2014-10-29,34.324,34.39,34.324,34.39,000,34.39
2014-10-28,35.298,35.298,34.855,34.855,000,34.855
2014-10-27,36.405,36.405,34.88,34.88,000,34.88
2014-10-24,36.035,36.035,36.035,36.035,000,36.035
2014-10-23,34.506,35.025,34.506,35.025,500,35.025
2014-10-22,35.393,35.393,35.393,35.393,000,35.393
2014-10-21,33.835,34.00,33.835,34.00,000,34.00
2014-10-20,34.411,34.411,34.411,34.411,000,34.411
2014-10-17,32.37,32.37,32.37,32.37,000,32.37
2014-10-16,33.177,33.177,30.60,30.60,200,30.60
2014-10-15,34.50,34.50,33.202,33.202,000,33.202
2014-10-14,34.072,34.072,34.072,34.072,000,34.072
2014-10-13,34.444,34.444,33.756,33.756,200,33.756
2014-10-10,36.181,36.181,36.181,36.181,000,36.181
2014-10-09,36.508,36.977,36.508,36.977,000,36.977
2014-10-08,37.693,37.693,37.044,37.044,200,37.044
2014-10-07,38.893,38.893,38.893,38.893,000,38.893
2014-10-06,39.453,39.453,39.185,39.185,300,39.185
2014-10-03,38.393,38.393,38.393,38.393,000,38.393
2014-10-02,38.393,38.393,38.393,38.393,000,38.393
2014-10-01,38.304,38.304,38.304,38.304,000,38.304
2014-09-30,38.069,38.069,38.069,38.069,000,38.069
2014-09-29,37.94,38.185,37.94,38.185,000,38.185
2014-09-26,37.209,37.209,37.209,37.209,000,37.209
2014-09-25,38.037,38.037,38.037,38.037,000,38.037
2014-09-24,37.898,37.898,37.898,37.898,000,37.898
2014-09-23,37.77,37.77,37.77,37.77,000,37.77
2014-09-22,37.693,38.15,37.693,38.15,100,38.15
2014-09-19,37.88,37.88,37.88,37.88,000,37.88
2014-09-18,37.924,37.924,37.924,37.924,000,37.924
2014-09-17,37.246,37.246,37.246,37.246,000,37.246
2014-09-16,38.709,38.709,36.99,37.46,100,37.46
2014-09-15,39.18,39.18,39.18,39.18,000,39.18
2014-09-12,40.537,40.537,40.537,40.537,000,40.537
2014-09-11,38.694,38.694,38.694,38.694,000,38.694
2014-09-10,38.705,39.135,38.705,39.135,200,39.135
2014-09-09,38.563,39.20,38.563,38.96,100,38.96
2014-09-08,38.787,38.787,38.787,38.787,000,38.787
2014-09-05,38.294,38.294,38.294,38.294,000,38.294
2014-09-04,38.704,38.704,38.704,38.704,000,38.704
2014-09-03,39.00,39.00,39.00,39.00,200,39.00
2014-09-02,39.189,39.189,39.189,39.189,000,39.189
2014-09-01,38.94,38.94,38.56,38.56,000,38.56
2014-08-29,38.94,38.94,38.94,38.94,000,38.94
2014-08-28,39.108,39.483,39.108,39.483,000,39.483
2014-08-27,39.54,39.54,39.54,39.54,000,39.54
2014-08-26,39.20,39.20,39.20,39.20,000,39.20
2014-08-25,39.648,40.00,39.20,39.20,200,39.20
2014-08-22,38.709,38.709,38.709,38.709,000,38.709
2014-08-21,39.126,39.126,39.126,39.126,000,39.126
2014-08-20,39.129,39.129,39.129,39.129,000,39.129
2014-08-19,38.849,39.53,38.849,39.53,000,39.53
2014-08-18,38.836,38.836,38.836,38.836,000,38.836
2014-08-15,38.683,38.683,38.683,38.683,000,38.683
2014-08-14,37.876,37.876,37.876,37.876,000,37.876
2014-08-13,38.579,38.579,38.579,38.579,000,38.579
2014-08-12,38.314,38.57,38.314,38.57,100,38.57
2014-08-11,36.375,36.375,36.375,36.375,000,36.375
2014-08-08,35.711,35.875,35.101,35.875,500,35.875
2014-08-07,38.04,38.04,36.25,37.00,400,37.00
2014-08-06,39.384,39.384,38.307,38.307,000,38.307
2014-08-05,39.026,39.026,39.026,39.026,000,39.026
2014-08-04,38.204,38.204,38.204,38.204,000,38.204
2014-08-01,38.987,38.987,38.435,38.435,000,38.435
2014-07-31,39.166,39.752,39.166,39.752,200,39.752
2014-07-30,39.565,39.565,39.565,39.565,000,39.565
2014-07-29,39.276,39.276,39.276,39.276,000,39.276
2014-07-28,38.988,39.30,38.988,39.30,000,39.30
2014-07-25,39.464,39.464,39.265,39.265,000,39.265
2014-07-24,39.613,39.613,39.613,39.613,000,39.613
2014-07-23,39.597,39.702,39.597,39.69,000,39.69
2014-07-22,39.075,39.075,39.075,39.075,000,39.075
2014-07-21,39.546,39.546,39.546,39.546,000,39.546
2014-07-18,37.886,37.886,37.886,37.886,000,37.886
2014-07-17,37.706,37.927,37.706,37.927,000,37.927
2014-07-16,38.215,39.00,38.215,39.00,100,39.00
2014-07-15,39.681,40.04,39.195,39.195,100,39.195
2014-07-14,39.525,39.525,39.525,39.525,000,39.525
2014-07-11,39.102,39.102,39.102,39.102,000,39.102
2014-07-10,40.956,40.956,39.27,39.27,100,39.27
2014-07-09,39.774,41.15,37.95,41.15,300,41.15
2014-07-08,41.053,41.053,39.55,39.55,100,39.55
2014-07-07,42.00,42.00,41.70,41.95,1000,41.95
2014-07-04,41.355,41.355,41.23,41.23,000,41.23
2014-07-03,41.989,42.09,41.935,42.09,400,42.09
2014-07-02,41.874,41.874,41.874,41.874,000,41.874
2014-07-01,42.381,42.381,42.381,42.381,000,42.381
2014-06-30,42.821,43.925,42.821,43.15,000,43.15
2014-06-27,40.945,40.945,40.945,40.945,000,40.945
2014-06-26,42.763,42.763,41.94,42.04,500,42.04
2014-06-25,44.584,44.584,43.135,43.135,100,43.135
2014-06-24,43.512,45.80,43.512,45.06,300,45.06
2014-06-23,45.237,45.923,44.00,44.00,600,44.00
2014-06-20,45.951,45.951,45.951,45.951,000,45.951
2014-06-19,45.751,46.455,45.751,46.455,000,46.455
2014-06-18,45.794,45.794,45.794,45.794,000,45.794
2014-06-17,45.032,45.78,45.032,45.78,200,45.78
2014-06-16,42.226,48.25,42.226,45.28,200,45.28
2014-06-13,41.78,41.78,41.78,41.78,000,41.78
2014-06-12,43.849,44.445,41.449,41.449,600,41.449
2014-06-11,43.263,44.185,43.263,44.185,000,44.185
2014-06-10,41.922,41.922,41.922,41.922,000,41.922
2014-06-09,42.661,42.661,41.90,41.90,000,41.90
2014-06-06,40.09,40.09,40.09,40.09,000,40.09
2014-06-05,38.658,39.68,38.658,39.68,000,39.68
2014-06-04,38.309,38.309,38.309,38.309,000,38.309
2014-06-03,38.785,38.785,38.655,38.655,000,38.655
2014-06-02,39.247,39.408,38.785,38.785,100,38.785
2014-05-30,37.00,39.32,37.00,39.32,200,39.32
2014-05-29,36.305,36.81,36.305,36.81,000,36.81
2014-05-28,36.116,36.116,36.116,36.116,000,36.116
2014-05-27,35.832,35.91,35.832,35.91,000,35.91
2014-05-26,36.883,36.883,36.69,36.70,300,36.70
2014-05-23,35.916,35.916,35.916,35.916,000,35.916
2014-05-22,35.947,35.947,35.947,35.947,000,35.947
2014-05-21,36.20,36.20,35.939,35.939,100,35.939
2014-05-20,35.953,35.953,35.953,35.953,100,35.953
2014-05-19,35.566,35.566,35.566,35.566,000,35.566
2014-05-16,35.678,35.719,35.678,35.719,000,35.719
2014-05-15,35.956,35.956,35.956,35.956,000,35.956
2014-05-14,36.357,36.357,36.357,36.357,000,36.357
2014-05-13,37.206,37.206,37.206,37.206,000,37.206
2014-05-12,36.845,36.845,36.845,36.845,000,36.845
2014-05-09,35.797,35.797,35.797,35.797,000,35.797
2014-05-08,35.673,35.673,35.673,35.673,000,35.673
2014-05-07,36.707,36.707,36.707,36.707,000,36.707
2014-05-06,35.333,35.333,35.333,35.333,000,35.333
2014-05-05,35.292,35.292,35.292,35.292,000,35.292
2014-05-02,35.874,35.874,35.874,35.874,000,35.874
2014-05-01,36.984,36.984,36.984,36.984,000,36.984
2014-04-30,36.984,36.984,36.984,36.984,000,36.984
2014-04-29,37.389,37.389,37.389,37.389,000,37.389
2014-04-28,35.992,35.992,35.992,35.992,000,35.992
2014-04-25,35.882,35.882,35.882,35.882,000,35.882
2014-04-24,36.743,36.743,36.743,36.743,000,36.743
2014-04-23,34.024,36.611,34.024,36.58,000,36.58
2014-04-22,33.01,34.025,33.01,33.765,100,33.765
2014-04-21,33.765,33.765,33.765,33.765,000,33.765
2014-04-18,33.765,33.765,33.765,33.765,000,33.765
2014-04-17,32.91,33.765,32.91,33.765,000,33.765
2014-04-16,32.73,32.73,32.73,32.73,000,32.73
2014-04-15,34.17,34.17,33.49,33.49,100,33.49
2014-04-14,35.80,35.80,33.855,34.17,700,34.17
2014-04-11,37.665,37.665,35.36,35.85,300,35.85
2014-04-10,38.185,39.15,37.06,37.74,1000,37.74
2014-04-09,38.09,38.09,38.09,38.09,000,38.09
2014-04-08,38.80,38.80,38.455,38.455,000,38.455
2014-04-07,38.98,38.98,38.95,38.95,000,38.95
2014-04-04,38.99,38.99,38.99,38.99,000,38.99
2014-04-03,39.25,39.32,39.25,39.32,000,39.32
2014-04-02,39.10,39.98,39.10,39.98,000,39.98
2014-04-01,38.76,38.76,38.76,38.76,000,38.76
2014-03-31,39.10,39.10,39.10,39.10,000,39.10
2014-03-28,39.81,39.81,39.19,39.23,000,39.23
2014-03-27,40.17,40.17,39.77,39.77,000,39.77
2014-03-26,38.63,39.55,38.63,39.55,000,39.55
2014-03-25,39.05,39.05,39.05,39.05,000,39.05
2014-03-24,39.35,39.35,39.07,39.07,000,39.07
2014-03-21,39.40,39.40,39.40,39.40,000,39.40
2014-03-20,39.80,39.80,39.57,39.57,100,39.57
2014-03-19,40.87,40.87,39.85,39.85,200,39.85
2014-03-18,40.31,40.73,40.31,40.73,000,40.73
2014-03-17,39.32,41.04,39.32,40.63,300,40.63
2014-03-14,40.85,40.85,38.35,38.75,1100,38.75
2014-03-13,41.30,41.30,40.43,40.43,200,40.43
2014-03-12,41.50,41.50,40.501,41.30,300,41.30
2014-03-11,40.50,41.90,40.50,41.72,100,41.72
2014-03-10,42.869,42.869,40.85,41.34,900,41.34
2014-03-07,41.51,41.51,41.51,41.51,000,41.51
2014-03-06,40.37,42.25,40.37,42.25,000,42.25
2014-03-05,40.40,40.40,40.40,40.40,000,40.40
2014-03-04,39.42,41.03,39.42,40.31,100,40.31
2014-03-03,40.61,40.61,39.73,39.73,000,39.73
2014-02-28,41.10,41.10,40.67,40.67,000,40.67
2014-02-27,40.56,41.70,40.40,41.70,000,41.70
2014-02-26,41.10,41.10,40.50,40.50,000,40.50
2014-02-25,42.92,42.92,42.36,42.74,000,42.74
2014-02-24,40.26,44.28,40.26,42.92,100,42.92
2014-02-21,40.26,40.26,40.26,40.26,200,40.26
2014-02-20,40.30,40.30,40.30,40.30,000,40.30
2014-02-19,43.08,43.08,43.08,43.08,000,43.08
2014-02-18,39.51,43.08,39.51,43.08,200,43.08
2014-02-17,39.85,40.65,39.51,39.51,300,39.51
2014-02-14,39.75,40.00,39.47,39.47,200,39.47
2014-02-13,40.68,40.68,39.70,39.70,300,39.70
2014-02-12,41.15,41.20,40.75,40.75,000,40.75
2014-02-11,41.05,41.20,40.85,40.85,100,40.85
2014-02-10,42.01,42.01,40.80,40.80,000,40.80
2014-02-07,42.47,42.47,42.47,42.47,000,42.47
2014-02-06,41.56,43.19,41.56,42.70,000,42.70
2014-02-05,39.59,42.19,38.80,42.19,600,42.19
2014-02-04,42.42,42.42,38.50,38.70,8600,38.70
2014-02-03,44.77,44.77,42.62,42.62,700,42.62
2014-01-31,45.50,45.72,44.55,44.67,400,44.67
2014-01-30,45.51,46.18,44.75,45.56,300,45.56
2014-01-29,45.59,47.70,45.57,46.20,700,46.20
2014-01-28,47.86,48.00,43.00,45.49,1300,45.49
2014-01-27,49.49,49.78,48.00,48.59,1600,48.59
2014-01-24,47.00,49.12,47.00,49.09,1600,49.09
2014-01-23,50.00,50.00,46.69,46.85,1300,46.85
2014-01-22,52.90,54.52,48.84,50.20,4000,50.20
2014-01-21,49.50,55.02,49.50,52.90,7700,52.90
2014-01-20,47.45,50.799,47.45,50.72,4300,50.72
2014-01-17,42.00,45.60,42.00,45.30,100,45.30
2014-01-16,41.31,41.31,41.31,41.31,000,41.31
2014-01-15,38.36,38.36,38.36,38.36,000,38.36
2014-01-14,40.82,40.82,38.80,38.80,300,38.80
2014-01-13,44.50,44.50,43.13,43.13,100,43.13
2014-01-10,38.93,38.93,38.93,38.93,000,38.93
2014-01-09,32.33,39.15,32.33,39.15,000,39.15
2014-01-08,27.83,27.83,27.83,27.83,000,27.83
2014-01-07,25.66,25.66,25.66,25.66,000,25.66
2014-01-06,24.76,24.76,24.76,24.76,000,24.76
2014-01-03,24.63,24.63,24.63,24.63,000,24.63
2014-01-02,25.35,25.35,25.35,25.35,000,25.35
2014-01-01,23.47,23.47,23.47,23.47,000,23.47
2013-12-31,23.47,23.47,23.47,23.47,000,23.47
2013-12-30,23.47,23.47,23.47,23.47,000,23.47
2013-12-27,23.99,23.99,23.99,23.99,000,23.99
2013-12-26,23.03,23.03,23.03,23.03,000,23.03
2013-12-25,23.03,23.03,23.03,23.03,000,23.03
2013-12-24,23.03,23.03,23.03,23.03,000,23.03
2013-12-23,23.03,23.03,23.03,23.03,000,23.03
2013-12-20,22.35,22.35,22.35,22.35,000,22.35
2013-12-19,22.13,22.13,22.13,22.13,000,22.13
2013-12-18,22.26,22.26,22.26,22.26,000,22.26
2013-12-17,22.34,22.34,22.34,22.34,000,22.34
2013-12-16,23.01,23.01,23.01,23.01,000,23.01
2013-12-13,23.04,23.04,23.04,23.04,000,23.04
2013-12-12,23.10,23.10,23.10,23.10,000,23.10
2013-12-11,23.11,23.11,23.11,23.11,000,23.11
2013-12-10,23.69,23.69,23.69,23.69,000,23.69
2013-12-09,23.61,23.61,23.61,23.61,000,23.61
2013-12-06,22.98,22.98,22.98,22.98,000,22.98
2013-12-05,23.88,23.88,23.88,23.88,000,23.88
2013-12-04,23.18,23.18,23.18,23.18,000,23.18
2013-12-03,24.20,24.20,24.20,24.20,000,24.20
2013-12-02,24.24,24.24,24.24,24.24,000,24.24
2013-11-29,24.80,24.80,24.80,24.80,000,24.80
2013-11-28,24.65,24.65,24.65,24.65,000,24.65
2013-11-27,24.01,24.01,24.01,24.01,000,24.01
2013-11-26,25.00,25.00,25.00,25.00,000,25.00